elementID	numTraitLossSpecies	numTraitPreservingSpecies	PerfectMatchMargin	GLS_Pvalue	GLS_FDR
LOC100174900	13	27	-0.00207039337474102	1.99058022613305e-10	4.57833452010601e-09
LOC120807633	13	27	-0.450271247739602	4.4072034911114e-08	5.06828401477811e-07
LOC100174868	13	27	-0.01949860724234	0.0604715113652395	0.463614920466836
LOC120807681	13	27	-0.202177182724601	0.120149827524234	0.61870032907314
LOC100174878	13	27	-0.00721649484536102	0.169548719026527	0.61870032907314
LOC100174875	13	27	-0.014851485148515	0.207844443306703	0.61870032907314
LOC100190882	13	27	-0.418731117824773	0.231322468032566	0.61870032907314
LOC100190879	13	27	-0.329093137254902	0.237556591561242	0.61870032907314
x42sp43	13	27	-0.021390374331551	0.283610316146931	0.61870032907314
LOC100174871	13	27	-0.00267379679144397	0.291940459738952	0.61870032907314
LOC100174881	13	27	-0.219753086419753	0.311711758476814	0.61870032907314
LOC100174895	13	27	-0.12547329731785	0.322800171690334	0.61870032907314
LOC100190867	13	27	-0.0125313283208019	0.374761066678904	0.622252901243753
LOC120807628	13	27	-0.140203576877323	0.392036322292543	0.622252901243753
LOC120807682	13	27	-0.158914728682171	0.411330509859838	0.622252901243753
LOC120807635	13	27	-0.850799289520427	0.432871583473915	0.622252901243753
LOC120807645	10	24	-0.855172413793103	0.502802697423367	0.680262472984555
LOC120807643	13	27	-0.480515079634022	0.535636387719373	0.681517114658499
LOC100462713	13	27	-0.464243382062426	0.577006864855932	0.681517114658499
LOC120807654	13	27	-0.093959731543624	0.613643136210017	0.681517114658499
LOC100190880	13	27	-0.454927884615385	0.622254756862108	0.681517114658499
LOC100359388	13	27	-0.196220930232558	0.711122202251961	0.743445938717959
LOC100190874	9	26	-0.595419847328244	0.815596327457947	0.815596327457947
